Position	Base	Diversity	Coverage
1	A	0.002053855	2919
2	C	0.004097417	2924
3	T	0	2919
4	G	0.002732471	2925
5	C	0.002059495	2911
6	G	0.004753793	2938
7	G	0.00339881	2938
8	G	0.002055497	2917
9	G	0.004799437	2912
10	C	0.004131272	2900
11	G	0.003424416	2916
12	G	0.003420201	2920
13	T	0.007561966	2901
14	T	0.003449697	2895
15	C	0.003453271	2892
16	C	0.00757333	2897
17	T	0.004827572	2895
18	G	0.004092529	2928
19	G	0.004095546	2924
20	A	0.002747957	2908
21	T	0.009591897	2906
22	C	0.002773681	2881
23	A	0.002084538	2876
24	A	0.006876813	2900
25	C	0	2908
26	A	0.006839436	2917
27	A	0.002761236	2894
28	T	0.001380977	2895
29	C	0.002068965	2898
30	C	0.008257723	2896
31	T	0.002776569	2878
32	A	0.000688705	2903
33	A	0.002758615	2896
34	A	0.002751026	2904
35	A	0.00137741	2902
36	A	0.000689893	2898
37	C	0.002759569	2896
38	T	0.002070392	2896
39	G	0.003461639	2885
40	C	0.002768881	2886
41	C	0.006918221	2884
42	G	0.004141965	2892
43	T	0.008954255	2894
44	T	0.012372234	2895
45	C	0.00275458	2901
46	C	0.00757333	2897
47	G	0.002771997	2882
48	C	0.006242503	2877
49	G	0.002772	2883
50	T	0.010379024	2879
51	C	0.004819501	2900
52	C	0.003440441	2903
53	C	0.004796149	2914
54	G	0.006200446	2896
55	C	0.005466307	2919
56	A	0.007509399	2921
57	A	0.010898967	2923
58	C	0.006100054	2944
59	A	0.015541466	2944
60	A	0.006817971	2925
61	C	0.002012745	2978
62	A	0.011451936	2957
63	A	0.008072352	2964
64	C	0.006049488	2969
65	A	0.005397852	2957
66	A	0.007333234	2989
67	T	0.005982465	3002
68	A	0.019889715	2992
69	G	0.002656701	3008
70	G	0.004633335	3016
71	G	0.006620939	3013
72	C	0.005302378	3011
73	G	0.002639608	3028
74	G	0.005256005	3038
75	A	0.010550443	3021
76	G	0.001983469	3022
77	C	0	3037
78	G	0.000658545	3036
79	C	0.002630709	3037
80	G	0.002611602	3060
81	A	0.046236885	3055
82	C	0.000651042	3071
83	A	0.005838862	3076
84	A	0.002595715	3079
85	C	0.002598876	3075
86	A	0.003238126	3084
87	T	0.001945945	3081
88	C	0.002581684	3096
89	A	0.03193904	3084
90	A	0.029613475	3061
91	C	0.002578771	3099
92	A	0.005180485	3082
93	A	0.03384906	3086
94	C	0.00384163	3119
95	A	0.032990683	3105
96	A	0.00448347	3117
97	T	0.001290114	3099
98	A	0.032264324	3115
99	T	0.002560815	3120
100	T	0.006377111	3129
101	G	0.005076926	3145
102	G	0.00380207	3151
103	T	0.009519453	3140
104	T	0.004436785	3150
105	T	0.003797861	3155
106	T	0.001268633	3151
107	C	0.006949578	3157
108	G	0.003148411	3172
109	T	0.00379686	3156
110	G	0.003146827	3174
111	T	0.005046707	3165
112	T	0.003781701	3168
113	G	0.003148607	3171
114	T	0.004423164	3159
115	C	0.001280409	3122
116	T	0.002559792	3122
117	G	0.001272872	3141
118	C	0.004458587	3135
119	G	0.003178631	3141
120	C	0.003192638	3128
121	G	0	3147
122	T	0.012096179	3127
123	T	0.005106703	3127
124	C	0.004488194	3114
125	G	0.00574343	3127
126	G	0.004466914	3128
127	G	0.002557338	3125
128	A	0.005132908	3110
129	T	0.008301077	3120
130	G	0.000639182	3128
131	T	0.000643087	3109
132	C	0.006413705	3110
133	T	0.001289283	3101
134	C	0.004530517	3084
135	T	0.003233937	3088
136	T	0.001929673	3107
137	C	0.005164394	3092
138	A	0.001295966	3085