Position	Base	Diversity	Coverage
1	A	0.004276287	2802
2	C	0.002872786	2782
3	T	0.002154396	2782
4	G	0.001435749	2784
5	C	0.002880026	2775
6	G	0.003581144	2789
7	G	0.005023041	2781
8	G	0.002158013	2778
9	G	0.001434977	2786
10	C	0.000719683	2778
11	G	0.001438331	2779
12	G	0.004301577	2785
13	T	0.003588338	2783
14	T	0.001438331	2779
15	C	0.002868666	2786
16	C	0.002874334	2780
17	T	0.00216216	2772
18	G	0.002855864	2798
19	G	0.003564294	2802
20	A	0.002153623	2783
21	T	0.000718649	2782
22	C	0.003590653	2780
23	A	0.003601261	2773
24	A	0.015035279	2777
25	C	0.003587822	2783
26	A	0.006438242	2789
27	A	0.005010457	2788
28	T	0.000718649	2782
29	C	0.003557699	2807
30	C	0.005695697	2803
31	T	0.003573209	2795
32	A	0.017632855	2816
33	A	0.002837883	2816
34	A	0.016257471	2811
35	A	0.015586765	2807
36	A	0.010634223	2806
37	C	0.002863532	2791
38	T	0.000714286	2799
39	G	0.00568305	2809
40	C	0.002141071	2800
41	C	0.007102976	2808
42	G	0.001421211	2813
43	T	0.006423175	2795
44	T	0.002136497	2806
45	C	0.004980418	2806
46	C	0.007099201	2810
47	G	0.001428316	2799
48	C	0.000713267	2803
49	G	0.002137511	2804
50	T	0.0064125	2800
51	C	0.00142374	2808
52	C	0.004278571	2800
53	C	0.002843178	2811
54	G	0.002137258	2805
55	C	0.002129672	2815
56	A	0.00987667	2825
57	A	0.012760398	2808
58	C	0.000705716	2833
59	A	0.006317943	2840
60	A	0.012602956	2841
61	C	0.001400069	2855
62	A	0.00911065	2844
63	A	0.011852045	2856
64	C	0.00347318	2875
65	A	0.009761091	2859
66	A	0.010442381	2862
67	T	0.004900961	2851
68	A	0.012525408	2857
69	G	0.004886058	2860
70	G	0.004186768	2862
71	G	0.002798912	2855
72	C	0.002813678	2840
73	G	0.005603923	2848
74	G	0	2836
75	A	0.00635864	2824
76	G	0.003531817	2828
77	C	0.002819132	2835
78	G	0.003525342	2833
79	C	0.00210822	2843
80	G	0.001404741	2846
81	A	0.01467947	2845
82	C	0.002799157	2855
83	A	0.00629196	2854
84	A	0.012543088	2858
85	C	0.002091806	2866
86	A	0.010422779	2867
87	T	0.00908051	2852
88	C	0.003470769	2877
89	A	0.008327226	2873
90	A	0.013243488	2855
91	C	0.001396892	2862
92	A	0.009083707	2852
93	A	0.013202367	2865
94	C	0.001387443	2881
95	A	0.01243494	2881
96	A	0.000694203	2880
97	T	0.011048741	2882
98	A	0.016547948	2882
99	T	0.00895734	2893
100	T	0.006884599	2895
101	G	0.00413768	2895
102	G	0.001387684	2881
103	T	0.01108467	2874
104	T	0.004839006	2887
105	T	0.005547826	2878
106	T	0.000694686	2878
107	C	0.012488639	2869
108	G	0.00278454	2869
109	T	0.006973215	2861
110	G	0.006263011	2867
111	T	0.006991491	2853
112	T	0.003513944	2842
113	G	0.002797933	2856
114	T	0.009058121	2859
115	C	0.004886058	2860
116	T	0.002799157	2855
117	G	0.001393728	2868
118	C	0.003490639	2861
119	G	0.002795243	2858
120	C	0.004907834	2847
121	G	0.00279622	2857
122	T	0.014734501	2832
123	T	0.004213223	2843
124	C	0.003522609	2835
125	G	0.003518394	2838
126	G	0.003520871	2836
127	G	0.002099859	2855
128	A	0.002120639	2827
129	T	0.000706964	2828
130	G	0.002115653	2833
131	T	0.003548356	2814
132	C	0.000709471	2818
133	T	0.002131436	2812
134	C	0.002142601	2798
135	T	0.006409452	2801
136	T	0.002125146	2821
137	C	0.004262616	2811
138	A	0.001427297	2801