Batch	Condition	Target	Q1	Q2	Q3	Q4	Q5	Q6	Q7	Q8	Q9	Q10	Q11	Q12	Q13	Q14	Q15	Q16	Q17	Q18
New	Pre-Dawn	murA	0.25013175	0.219839708	0.233279896	0.179873679	0.174921878	0.229424577												
New	MidLight	murA	0.817671036	1.171410477	1.239819837	0.840775914	0.968033246	1.329839255												
New	Pre-Dusk	murA	2.044974564	3.714454356	1.577195725	2.183694145	1.966390372	1.731674511												
New	MidDark	murA	0.379004703	0.24614964	0.223091519	0.259893714	0.230521423	0.202447565												
New	Light24	murA	0.855434469	0.648591874	0.496290021	0.794711902	0.68946442	0.797607347												
New	Dark24	murA	0.120660367	0.077073006	0.239113552	0.120433779	0.078736248	0.234849311												
Old	MidDark	murA	0.136283359	0.27676727	0.307333491	0.137712361	0.254195585	0.32234165												
Old	Pre-Dawn	murA	0.275375899	0.204722754	0.416379316	0.275153371	0.220036235	0.413784434												
Old	MidLight	murA	0.194717227	0.211921946	0.010097356	0.193701012	0.231376365	0.009904099												
Old	Pre-Dusk	murA	0.237751179	0.425402615	3.204873542	0.225924654	0.429878652	3.580624589												
Old	Dark24	murA	0.204677905	0.208247723	0.171870756	0.189157257	0.217789374	0.190089793												
Old	Light24	murA	1.534156822	0.62803702	3.932252139	1.471920519	0.491812484	4.291720191												
New	Pre-Dawn	psbF	1.006990096	1.061936607	0.903032543	1.101585826	1.00038919	0.941963651												
New	MidLight	psbF	1.577763162	2.195284898	1.790412222	1.46964437	2.106072273	1.813196323												
New	Pre-Dusk	psbF	1.730781729	0.879796717	1.619743956	1.707560518	0.795413761	1.486860543												
New	MidDark	psbF	0.798176762	0.656245765	0.520606522	0.72790298	0.618355387	0.476029584												
New	Light24	psbF	1.185596472	1.263891389	0.993731492	1.134662002	1.37089654	1.226449151												
New	Dark24	psbF	0.409489004	0.278228638	0.473702704	0.39870592	0.30907696	0.47380161												
Old	MidDark	psbF	0.717054013	0.674634585	0.873645455	0.580410185	0.619991621	0.832616773												
Old	Pre-Dawn	psbF	0.955287525	0.754365033	0.707676288	0.838267708	0.647438375	0.662357096												
Old	MidLight	psbF	0.954651709	0.810918759	0.038208336	0.878848359	0.787768498	0.041056124												
Old	Pre-Dusk	psbF	0.430228223	1.170983203	1.855256961	0.381448637	1.250753238	2.025809357												
Old	Dark24	psbF	0.697888905	0.553686292	0.554070411	0.571676954	0.550601379	0.542766778												
Old	Light24	psbF	1.459688449	1.362840924	1.492716535	1.507119026	1.32772145	1.604489996												
New	Pre-Dawn	Phage	0.968315011	1.164974656	1.062162747	4.909580933	1.075919995	1.128109787												
New	MidLight	Phage	0.205753581	0.239894248	0.235727723	0.206006189	0.238871676	0.240346643												
New	Pre-Dusk	Phage	0.516996399	0.366426605	0.360639737	0.559013096	0.374950974	0.338572527												
New	MidDark	Phage	2.263080493	1.807303172	1.41709896	2.291760508	1.676403556	1.2110755												
New	Light24	Phage	0.142008337	0.13619747	0.108463082	0.113243686	0.130445688	0.098022892												
New	Dark24	Phage	1.062614633	0.935948035	1.533052771	0.990418435	0.8754815	1.460625391												
Old	MidDark	Phage	0.626117371	0.813077977	1.070407853	0.614326834	0.761051514	1.042396408												
Old	Pre-Dawn	Phage	0.421171773	0.289167142	0.22207246	0.402100819	0.288342237	0.230466713												
Old	MidLight	Phage	0.122793311	0.112875225	0.016617185	0.12186289	0.112858599	0.014573853												
Old	Pre-Dusk	Phage	0.220377591	0.528666078	0.747404393	0.232595863	0.540571186	0.774793373												
Old	Dark24	Phage	0.482302353	0.188454367	0.230675478	0.412015	0.175060713	0.211877383												
Old	Light24	Phage	0.282248491	0.264905461	0.369474477	0.303773272	0.311628606	0.360771813												
New	Pre-Dawn	rnpB	0.668696668	0.523729497	0.52804586	0.675828582	0.582431925	0.46844139	0.721662356	0.633746198	0.639581448	0.615972279	0.555551748	0.46555977	0.519080909	0.540234313	0.553779384	0.601951615	0.49852285	0.461369561
New	MidLight	rnpB	0.432566069	0.534837907	0.554910785	0.463632221	0.538678775	0.524181493	0.536578722	0.643685177	0.661054425	0.461132848	0.53722277	0.558257846	0.43227862	0.502608351	0.554457735	0.275069715	0.502140189	0.568541527
New	Pre-Dusk	rnpB	0.604094719	0.408589698	0.694551814	0.672390092	0.428857733	0.735849893	0.734296404	0.308471235	0.835917598	0.720659352	0.39815377	0.700624719	0.570617342	0.371534098	0.708418007	0.655654686	0.386334595	0.645747396
New	MidDark	rnpB	0.857025585	0.877377011	1.035390802	0.844891157	0.834614758	0.643368302	0.831625878	0.934895665	0.718284495	0.830617072	0.801837479	0.472716315	0.815979034	0.731740405	0.640201397	0.80691489	0.767577429	0.521680057
New	Light24	rnpB	0.653637573	0.633262299	0.897639094	0.611933022	0.665072809	0.845158001	0.810982524	0.819209521	1.035699457	0.834025769	0.843498424	1.089307465	0.689260835	0.654207242	0.819687655	0.758701595	0.901043914	0.93099814
New	Dark24	rnpB	0.790936996	0.505494496	1.05469312	0.985249874	0.614842713	1.363839477	0.868538187	0.580312293	1.231088993	0.912865018	0.588568733	1.210250963	0.755429444	0.477428717	0.999363424	0.814090589	0.057131886	1.210027472
Old	MidDark	rnpB	1.160394289	1.460081821	1.979374455	1.302900995	1.601933754	1.600485088	1.348254553	1.604094216	1.99464921	0.205717454	0.130778574	0.196341906	0.954122573	1.088984997	1.597994263	1.065474986	1.135481569	1.223684521
Old	Pre-Dawn	rnpB	2.03204438	1.530778145	1.484210431	2.126313308	1.623316921	1.560280081	2.250971902	1.677916675	1.601082034	1.174142585	1.682368379	1.543086608	1.801843688	1.30230767	1.156872886	1.861881412	1.350060285	1.243550561
Old	MidLight	rnpB	0.747773845	0.58343729	0.040808537	0.780367838	0.663708444	0.047910569	0.871062243	0.671877632	0.046202187	0.849387226	0.666312231	0.04468704	0.601297193	0.465755929	0.031651267	0.664130075	0.494736988	0.032183111
Old	Pre-Dusk	rnpB	0.442811874	1.665280047	1.875313	0.494757472	1.944399512	1.98752076	0.495071722	1.46006263	1.680682208	0.488060957	1.738692813	1.738750273	0.325875639	1.2315378	1.346618034	0.350970546	1.37957739	1.344072248
Old	Dark24	rnpB	1.614800955	1.426044171	1.319786445	2.092504987	1.125635652	1.293687838	1.96576719	1.361230242	1.503617564	1.981190233	1.388807025	1.643456226	1.666137339	0.979686246	1.194711087	1.804790549	1.043331432	1.195005545
Old	Light24	rnpB	1.220791631	1.115301983	0.366891178	1.556282253	0.992816729	0.512515049	1.117874251	1.102660763	0.527660083	1.427676887	1.137910829	0.560752733	1.021225584	0.845144302	0.516909516	0.999483985	0.96841077	0.464952617